L0005__EDAN_R	KZ498385.1	100.000	2265	0	0	1	2265	15369	17633	0.0	4183
L0006__EDAN_R	KZ498385.1	100.000	1787	0	0	1	1787	2097	3883	0.0	3301
L001__EDAN_R	KZ498468.1	100.000	1537	0	0	1	1537	38645	37109	0.0	2839
L002__EDAN_R	KZ498468.1	100.000	717	0	0	1	717	42703	43419	0.0	1325
L004__EDAN_R	KZ497769.1	100.000	374	0	0	1	374	1110129	1110502	0.0	691
L007__EDAN_R	KZ498339.1	100.000	224	0	0	1	224	4284	4507	1.30e-114	414
L008__EDAN_R	KZ498702.1	100.000	171	0	0	1	171	20048	20218	2.76e-85	316
L009__EDAN_R	KZ497567.1	100.000	269	0	0	1	269	473258	473526	1.54e-139	497
L010__EDAN_R	KZ497883.1	100.000	222	0	0	1	222	366080	366301	1.67e-113	411
L011__EDAN_R	KZ498055.1	100.000	215	0	0	1	215	34013	34227	1.25e-109	398
L012__EDAN_R	KZ497674.1	100.000	199	0	0	1	199	695226	695424	8.98e-101	368
L013__EDAN_R	KZ499226.1	100.000	319	0	0	1	319	36772	37090	2.97e-167	590
L014__EDAN_R	KZ501786.1	100.000	208	0	0	1	208	1178302	1178509	9.38e-106	385
L015__EDAN_R	KZ497688.1	100.000	196	0	0	1	196	419558	419753	4.10e-99	363
L016__EDAN_R	KZ497705.1	100.000	183	0	0	1	183	327494	327676	6.39e-92	339
L017__EDAN_R	KZ497825.1	100.000	166	0	0	1	166	270190	270025	1.61e-82	307
L018__EDAN_R	KZ497567.1	100.000	175	0	0	1	175	482448	482622	1.70e-87	324
L019__EDAN_R	KZ497992.1	100.000	156	0	0	1	156	94822	94977	5.40e-77	289
L020__EDAN_R	KZ497735.1	100.000	213	0	0	1	213	136350	136562	1.60e-108	394
L021__EDAN_R	KZ497665.1	100.000	205	0	0	1	205	748729	748933	4.29e-104	379
L022__EDAN_R	KZ498182.1	100.000	208	0	0	1	208	412691	412898	9.38e-106	385
L023__EDAN_R	KZ497620.1	100.000	182	0	0	1	182	64715	64896	2.28e-91	337
L024__EDAN_R	KZ497721.1	100.000	157	0	0	1	157	300579	300735	1.51e-77	291
L025__EDAN_R	KZ498016.1	100.000	174	0	0	1	174	68529	68702	6.07e-87	322
L026__EDAN_R	KZ497598.1	100.000	189	0	0	1	189	112698	112886	3.06e-95	350
L027__EDAN_R	KZ498304.1	100.000	196	0	0	1	196	174370	174565	4.10e-99	363
L028__EDAN_R	KZ498028.1	100.000	222	0	0	1	222	97737	97958	1.67e-113	411
L029__EDAN_R	KZ497675.1	100.000	180	0	0	1	180	285790	285969	2.92e-90	333
L030__EDAN_R	KZ497743.1	100.000	155	0	0	1	155	160057	160211	1.93e-76	287
L031__EDAN_R	KZ501813.1	100.000	209	0	0	1	209	1045957	1046165	2.62e-106	387
L032__EDAN_R	KZ501762.1	100.000	563	0	0	1	563	983139	983701	0.0	1040
L033__EDAN_R	KZ501791.1	100.000	196	0	0	1	196	692632	692827	4.10e-99	363
L034__EDAN_R	KZ501797.1	100.000	182	0	0	1	182	148143	148324	2.28e-91	337
L035__EDAN_R	KZ497766.1	100.000	170	0	0	1	170	248803	248634	9.88e-85	315
L036__EDAN_R	KZ499226.1	100.000	315	0	0	1	315	36395	36709	4.90e-165	582
L037__EDAN_R	KZ497744.1	100.000	183	0	0	1	183	1085901	1086083	6.39e-92	339
L038__EDAN_R	KZ497688.1	100.000	187	0	0	1	187	418687	418873	3.92e-94	346
L039__EDAN_R	KZ497588.1	100.000	211	0	0	1	211	933619	933829	2.05e-107	390
L040__EDAN_R	KZ498009.1	100.000	265	0	0	1	265	1151499	1151763	2.54e-137	490
L041__EDAN_R	KZ497631.1	100.000	184	0	0	1	184	1775889	1776072	1.79e-92	340
L042__EDAN_R	KZ501819.1	100.000	158	0	0	1	158	923642	923799	4.24e-78	292
L043__EDAN_R	KZ501762.1	100.000	315	0	0	1	315	3305361	3305675	4.90e-165	582
L044__EDAN_R	KZ498188.1	100.000	223	0	0	1	223	120765	120987	4.66e-114	412
L045__EDAN_R	KZ497946.1	100.000	195	0	0	1	195	89354	89160	1.47e-98	361
L046__EDAN_R	KZ497567.1	100.000	204	0	0	1	204	467515	467718	1.53e-103	377
L047__EDAN_R	KZ497728.1	100.000	245	0	0	1	245	215626	215870	3.05e-126	453
L048__EDAN_R	KZ497872.1	100.000	166	0	0	1	166	397650	397815	1.61e-82	307
L049__EDAN_R	KZ501797.1	100.000	202	0	0	1	202	222055	222256	1.96e-102	374
L050__EDAN_R	KZ501795.1	100.000	204	0	0	1	204	76873	77076	1.53e-103	377
L051__EDAN_R	KZ497728.1	100.000	204	0	0	1	204	216112	216315	1.53e-103	377
L052__EDAN_R	KZ498252.1	100.000	169	0	0	1	169	345031	345199	3.53e-84	313
L053__EDAN_R	KZ497648.1	100.000	222	0	0	1	222	146529	146750	1.67e-113	411
L054__EDAN_R	KZ497991.1	100.000	252	0	0	1	252	149664	149915	4.04e-130	466
L055__EDAN_R	KZ497706.1	100.000	164	0	0	1	164	888949	889112	2.05e-81	303
L056__EDAN_R	KZ497663.1	100.000	231	0	0	1	231	416290	416520	1.73e-118	427
L057__EDAN_R	KZ501797.1	100.000	225	0	0	1	225	214407	214631	3.64e-115	416
L058__EDAN_R	KZ501791.1	100.000	232	0	0	1	232	2432312	2432543	4.84e-119	429
L059__EDAN_R	KZ497776.1	100.000	159	0	0	1	159	374630	374788	1.19e-78	294
L060__EDAN_R	KZ501795.1	100.000	253	0	0	1	253	447472	447724	1.13e-130	468
L061__EDAN_R	KZ498422.1	100.000	257	0	0	1	257	206095	206351	6.87e-133	475
L062__EDAN_R	KZ497867.1	100.000	189	0	0	1	189	240381	240569	3.06e-95	350
L063__EDAN_R	KZ501791.1	100.000	174	0	0	1	174	2426639	2426812	6.07e-87	322
L064__EDAN_R	KZ497631.1	100.000	159	0	0	1	159	1777963	1778121	1.19e-78	294
L065__EDAN_R	KZ497857.1	100.000	218	0	0	1	218	63497	63714	2.73e-111	403
L066__EDAN_R	KZ497736.1	100.000	160	0	0	1	160	279987	280146	3.33e-79	296
L067__EDAN_R	KZ497651.1	100.000	153	0	0	1	153	453375	453527	2.46e-75	283
L068__EDAN_R	KZ497873.1	100.000	183	0	0	1	183	1492239	1492421	6.39e-92	339
L069__EDAN_R	KZ497692.1	100.000	183	0	0	1	183	521168	521350	6.39e-92	339
L070__EDAN_R	KZ501744.1	100.000	189	0	0	1	189	218194	218382	3.06e-95	350
L071__EDAN_R	KZ501762.1	100.000	186	0	0	1	186	1423011	1423196	1.40e-93	344
L072__EDAN_R	KZ497573.1	100.000	220	0	0	1	220	502549	502768	2.13e-112	407
L073__EDAN_R	KZ497931.1	100.000	224	0	0	1	224	449924	450147	1.30e-114	414
L074__EDAN_R	KZ498343.1	100.000	197	0	0	1	197	87681	87877	1.15e-99	364
L075__EDAN_R	KZ501812.1	100.000	211	0	0	1	211	2043429	2043639	2.05e-107	390
L076__EDAN_R	KZ497932.1	100.000	163	0	0	1	163	104694	104856	7.31e-81	302
L077__EDAN_R	KZ497681.1	100.000	171	0	0	1	171	503591	503761	2.76e-85	316
L078__EDAN_R	KZ498069.1	100.000	409	0	0	1	409	48029	48437	0.0	756
L079__EDAN_R	KZ497744.1	100.000	166	0	0	1	166	1086465	1086630	1.61e-82	307
L080__EDAN_R	KZ497565.1	100.000	191	0	0	1	191	516166	516356	2.40e-96	353
L081__EDAN_R	KZ497631.1	100.000	188	0	0	1	188	1773999	1774186	1.10e-94	348
L082__EDAN_R	KZ501791.1	100.000	210	0	0	1	210	511918	512127	7.33e-107	388
L083__EDAN_R	KZ498304.1	100.000	191	0	0	1	191	173196	173386	2.40e-96	353
L084__EDAN_R	KZ497877.1	100.000	189	0	0	1	189	1390	1578	3.06e-95	350
L085__EDAN_R	KZ497729.1	100.000	192	0	0	1	192	736990	737181	6.71e-97	355
L086__EDAN_R	KZ497935.1	100.000	171	0	0	1	171	637950	637780	2.76e-85	316
L087__EDAN_R	KZ497748.1	100.000	173	0	0	1	173	1250927	1251099	2.17e-86	320
L088__EDAN_R	KZ497872.1	100.000	157	0	0	1	157	392679	392835	1.51e-77	291
L089__EDAN_R	KZ498651.1	100.000	191	0	0	1	191	728167	728357	2.40e-96	353
L090__EDAN_R	KZ497931.1	100.000	191	0	0	1	191	182469	182659	2.40e-96	353
L091__EDAN_R	KZ498182.1	100.000	153	0	0	1	153	412465	412617	2.46e-75	283
L092__EDAN_R	KZ498101.1	100.000	176	0	0	1	176	1362904	1363079	4.75e-88	326
L093__EDAN_R	KZ497668.1	100.000	211	0	0	1	211	451746	451956	2.05e-107	390
L094__EDAN_R	KZ497834.1	100.000	228	0	0	1	228	1212300	1212527	7.93e-117	422
L095__EDAN_R	KZ497631.1	100.000	189	0	0	1	189	1757776	1757964	3.06e-95	350
L096__EDAN_R	KZ501791.1	100.000	1131	0	0	1	1131	521812	522942	0.0	2089
L097__EDAN_R	KZ498182.1	100.000	291	0	0	1	291	411575	411865	9.87e-152	538
L098__EDAN_R	KZ497626.1	100.000	169	0	0	1	169	704954	705122	3.53e-84	313
L099__EDAN_R	KZ497779.1	100.000	221	0	0	1	221	281381	281601	5.96e-113	409
L100__EDAN_R	KZ497595.1	100.000	171	0	0	1	171	498427	498597	2.76e-85	316
L101__EDAN_R	KZ497600.1	100.000	226	0	0	1	226	786924	787149	1.02e-115	418
L102__EDAN_R	KZ497748.1	100.000	166	0	0	1	166	174502	174667	1.61e-82	307
L103__EDAN_R	KZ497776.1	100.000	231	0	0	1	231	371174	371404	1.73e-118	427
L104__EDAN_R	KZ497877.1	100.000	231	0	0	1	231	272312	272542	1.73e-118	427
L105__EDAN_R	KZ497894.1	100.000	155	0	0	1	155	96389	96543	1.93e-76	287
L106__EDAN_R	KZ497567.1	100.000	502	0	0	1	502	474636	475137	0.0	928
L107__EDAN_R	KZ497894.1	100.000	336	0	0	1	336	97275	97610	1.11e-176	621
L108__EDAN_R	KZ497709.1	100.000	223	0	0	1	223	617969	618191	4.66e-114	412
L109__EDAN_R	KZ499690.1	100.000	180	0	0	1	180	47567	47746	2.92e-90	333
L110__EDAN_R	KZ501812.1	100.000	254	0	0	1	254	39762	40015	3.15e-131	470
L111__EDAN_R	KZ497932.1	100.000	224	0	0	1	224	174846	175069	1.30e-114	414
L112__EDAN_R	KZ497598.1	100.000	181	0	0	1	181	213684	213864	8.16e-91	335
L113__EDAN_R	KZ501786.1	100.000	221	0	0	1	221	1179349	1179569	5.96e-113	409
L114__EDAN_R	KZ498302.1	100.000	242	0	0	1	242	34938	35179	1.40e-124	448
L115__EDAN_R	AYNC02013255.1	100.000	189	0	0	1	189	15289	15101	3.06e-95	350
L116__EDAN_R	KZ497843.1	100.000	212	0	0	1	212	318328	318539	5.73e-108	392
L117__EDAN_R	KZ497872.1	100.000	171	0	0	1	171	68383	68553	2.76e-85	316
L118__EDAN_R	KZ497834.1	100.000	194	0	0	1	194	1255435	1255628	5.25e-98	359
L119__EDAN_R	KZ498422.1	100.000	226	0	0	1	226	252980	253205	1.02e-115	418
L120__EDAN_R	KZ499015.1	100.000	225	0	0	1	225	298445	298669	3.64e-115	416
L121__EDAN_R	KZ497578.1	100.000	219	0	0	1	219	644598	644816	7.63e-112	405
L122__EDAN_R	KZ497779.1	100.000	198	0	0	1	198	313539	313736	3.21e-100	366
L123__EDAN_R	KZ497651.1	100.000	207	0	0	1	207	521361	521567	3.35e-105	383
L124__EDAN_R	KZ497680.1	100.000	223	0	0	1	223	157631	157853	4.66e-114	412
L125__EDAN_R	KZ497956.1	100.000	171	0	0	1	171	281356	281526	2.76e-85	316
L126__EDAN_R	KZ497625.1	100.000	1051	0	0	1	1051	183892	184942	0.0	1941
L127__EDAN_R	KZ497651.1	100.000	249	0	0	1	249	521652	521900	1.86e-128	460
L128__EDAN_R	KZ497692.1	100.000	228	0	0	1	228	598469	598696	7.93e-117	422
L129__EDAN_R	KZ501791.1	100.000	220	0	0	1	220	3490966	3491185	2.13e-112	407
L130__EDAN_R	KZ497713.1	100.000	164	0	0	1	164	271568	271731	2.05e-81	303
L131__EDAN_R	KZ497736.1	100.000	170	0	0	1	170	21935	22104	9.88e-85	315
L132__EDAN_R	KZ497773.1	100.000	172	0	0	1	172	751505	751676	7.74e-86	318
L133__EDAN_R	KZ498069.1	100.000	234	0	0	1	234	49540	49773	3.77e-120	433
L134__EDAN_R	KZ497786.1	100.000	192	0	0	1	192	552179	552370	6.71e-97	355
L135__EDAN_R	KZ497698.1	100.000	154	0	0	1	154	417390	417543	6.88e-76	285
L136__EDAN_R	KZ498582.1	100.000	196	0	0	1	196	1101475	1101670	4.10e-99	363
L137__EDAN_R	KZ498216.1	100.000	211	0	0	1	211	104354	104564	2.05e-107	390
L138__EDAN_R	KZ497666.1	100.000	160	0	0	1	160	441604	441763	3.33e-79	296
L139__EDAN_R	KZ498422.1	100.000	205	0	0	1	205	630368	630164	4.29e-104	379
L140__EDAN_R	KZ497653.1	100.000	205	0	0	1	205	363271	363475	4.29e-104	379
L141__EDAN_R	KZ497692.1	100.000	210	0	0	1	210	687082	687291	7.33e-107	388
L142__EDAN_R	KZ497629.1	100.000	217	0	0	1	217	642584	642800	9.77e-111	401
L143__EDAN_R	KZ497597.1	100.000	174	0	0	1	174	630271	630444	6.07e-87	322
L144__EDAN_R	KZ497961.1	100.000	191	0	0	1	191	23334	23524	2.40e-96	353
L145__EDAN_R	KZ501787.1	100.000	194	0	0	1	194	112715	112908	5.25e-98	359
L146__EDAN_R	KZ497626.1	100.000	306	0	0	1	306	554884	555189	4.78e-160	566
L147__EDAN_R	KZ497734.1	100.000	183	0	0	1	183	319583	319765	6.39e-92	339
L148__EDAN_R	KZ497956.1	100.000	264	0	0	1	264	10951	11214	9.09e-137	488
L149__EDAN_R	KZ497860.1	100.000	232	0	0	1	232	92479	92710	4.84e-119	429
L150__EDAN_R	KZ497631.1	100.000	178	0	0	1	178	1685645	1685822	3.72e-89	329
L151__EDAN_R	KZ497748.1	100.000	210	0	0	1	210	1251659	1251868	7.33e-107	388
L152__EDAN_R	KZ497946.1	100.000	195	0	0	1	195	78160	78354	1.47e-98	361
L153__EDAN_R	KZ497992.1	100.000	198	0	0	1	198	106621	106818	3.21e-100	366
L154__EDAN_R	KZ497629.1	100.000	172	0	0	1	172	446160	446331	7.74e-86	318
L155__EDAN_R	KZ497626.1	100.000	181	0	0	1	181	1357860	1358040	8.16e-91	335
L156__EDAN_R	KZ497853.1	100.000	186	0	0	1	186	112216	112401	1.40e-93	344
L157__EDAN_R	KZ499690.1	100.000	192	0	0	1	192	46035	46226	6.71e-97	355
L158__EDAN_R	KZ497763.1	100.000	220	0	0	1	220	125702	125921	2.13e-112	407
L159__EDAN_R	KZ497814.1	100.000	240	0	0	1	240	255804	256043	1.79e-123	444
L160__EDAN_R	KZ501794.1	100.000	195	0	0	1	195	886406	886600	1.47e-98	361
L161__EDAN_R	KZ497630.1	100.000	183	0	0	1	183	555451	555633	6.39e-92	339
L162__EDAN_R	KZ497588.1	100.000	175	0	0	1	175	940695	940869	1.70e-87	324
L163__EDAN_R	KZ497908.1	100.000	221	0	0	1	221	1376226	1376446	5.96e-113	409
L164__EDAN_R	AYNC02017795.1	100.000	258	0	0	1	258	647	904	1.92e-133	477
L165__EDAN_R	KZ497834.1	100.000	191	0	0	1	191	1258348	1258538	2.40e-96	353
L166__EDAN_R	KZ501786.1	100.000	182	0	0	1	182	1211929	1212110	2.28e-91	337
L167__EDAN_R	KZ498519.1	100.000	174	0	0	1	174	5073	5246	6.07e-87	322
L168__EDAN_R	KZ497773.1	100.000	322	0	0	1	322	748451	748772	6.45e-169	595
L169__EDAN_R	KZ499323.1	100.000	169	0	0	1	169	242486	242654	3.53e-84	313
L170__EDAN_R	KZ497594.1	100.000	178	0	0	1	178	147737	147914	3.72e-89	329
L171__EDAN_R	KZ497677.1	100.000	235	0	0	1	235	342251	342485	1.05e-120	435
L172__EDAN_R	KZ497591.1	100.000	198	0	0	1	198	611759	611956	3.21e-100	366
L173__EDAN_R	KZ501794.1	100.000	183	0	0	1	183	887175	887357	6.39e-92	339
L174__EDAN_R	KZ497605.1	100.000	193	0	0	1	193	186098	186290	1.88e-97	357
L175__EDAN_R	KZ499302.1	100.000	178	0	0	1	178	264285	264462	3.72e-89	329
L176__EDAN_R	KZ497654.1	100.000	182	0	0	1	182	453220	453401	2.28e-91	337
L177__EDAN_R	KZ497663.1	100.000	199	0	0	1	199	512161	512359	8.98e-101	368
L178__EDAN_R	KZ497729.1	100.000	203	0	0	1	203	147520	147722	5.49e-103	375
L179__EDAN_R	KZ497899.1	100.000	159	0	0	1	159	933586	933744	1.19e-78	294
L180__EDAN_R	KZ497956.1	100.000	228	0	0	1	228	728217	728444	7.93e-117	422
L181__EDAN_R	KZ498182.1	100.000	298	0	0	1	298	413225	413522	1.30e-155	551
L182__EDAN_R	KZ497744.1	100.000	181	0	0	1	181	9852	10032	8.16e-91	335
L183__EDAN_R	KZ497716.1	100.000	167	0	0	1	167	52271	52437	4.50e-83	309
L184__EDAN_R	KZ497834.1	100.000	171	0	0	1	171	926457	926627	2.80e-85	316
L185__EDAN_R	KZ497905.1	100.000	198	0	0	1	198	268031	268228	3.21e-100	366
L186__EDAN_R	KZ497653.1	100.000	200	0	0	1	200	360721	360920	2.51e-101	370
L187__EDAN_R	KZ497766.1	100.000	155	0	0	1	155	251954	251800	1.93e-76	287
L188__EDAN_R	KZ497728.1	100.000	225	0	0	1	225	215344	215568	3.64e-115	416
L189__EDAN_R	KZ497618.1	100.000	218	0	0	1	218	449636	449853	2.73e-111	403
L190__EDAN_R	KZ498295.1	100.000	171	0	0	1	171	10672	10842	2.76e-85	316
L191__EDAN_R	KZ498651.1	100.000	171	0	0	1	171	723916	724086	2.76e-85	316
L192__EDAN_R	KZ498202.1	100.000	166	0	0	1	166	58436	58601	1.61e-82	307
L193__EDAN_R	KZ498116.1	100.000	246	0	0	1	246	620103	619858	8.52e-127	455
L194__EDAN_R	KZ497641.1	100.000	167	0	0	1	167	245741	245907	4.50e-83	309
L195__EDAN_R	KZ497744.1	100.000	165	0	0	1	165	231625	231789	5.74e-82	305
L196__EDAN_R	KZ501812.1	100.000	224	0	0	1	224	2912213	2912436	1.30e-114	414
L197__EDAN_R	KZ497675.1	100.000	194	0	0	1	194	256474	256667	5.25e-98	359
L198__EDAN_R	KZ498009.1	100.000	210	0	0	1	210	1149110	1149319	7.33e-107	388
L199__EDAN_R	KZ501791.1	100.000	210	0	0	1	210	3311692	3311901	7.33e-107	388
L200__EDAN_R	KZ497790.1	100.000	238	0	0	1	238	337753	337990	2.30e-122	440
L201__EDAN_R	KZ497643.1	100.000	167	0	0	1	167	328491	328657	4.50e-83	309
L202__EDAN_R	KZ497595.1	100.000	193	0	0	1	193	1017825	1018017	1.88e-97	357
L203__EDAN_R	KZ498196.1	100.000	218	0	0	1	218	100990	101207	2.73e-111	403
L204__EDAN_R	KZ497752.1	100.000	184	0	0	1	184	115729	115912	1.79e-92	340
L205__EDAN_R	KZ497901.1	100.000	234	0	0	1	234	166515	166748	3.77e-120	433
L206__EDAN_R	KZ498009.1	100.000	219	0	0	1	219	1150435	1150653	7.63e-112	405
L207__EDAN_R	KZ498380.1	100.000	184	0	0	1	184	48053	48236	1.79e-92	340
L208__EDAN_R	KZ497712.1	100.000	203	0	0	1	203	1751757	1751959	5.49e-103	375
L209__EDAN_R	KZ497694.1	100.000	176	0	0	1	176	502591	502766	4.75e-88	326
L210__EDAN_R	KZ497925.1	100.000	175	0	0	1	175	81772	81946	1.70e-87	324
L211__EDAN_R	KZ498182.1	100.000	303	0	0	1	303	420123	420425	2.20e-158	560
L212__EDAN_R	KZ497745.1	100.000	299	0	0	1	299	501480	501778	3.63e-156	553
L213__EDAN_R	KZ500262.1	100.000	165	0	0	1	165	1774856	1775020	5.74e-82	305
L214__EDAN_R	KZ497877.1	100.000	225	0	0	1	225	273797	274021	3.64e-115	416
L215__EDAN_R	KZ497847.1	100.000	174	0	0	1	174	25271	25444	6.07e-87	322
L216__EDAN_R	KZ501791.1	100.000	158	0	0	1	158	2392076	2392233	4.24e-78	292
L217__EDAN_R	KZ501762.1	100.000	184	0	0	1	184	455320	455503	1.79e-92	340
L218__EDAN_R	KZ497654.1	100.000	181	0	0	1	181	452393	452573	8.16e-91	335
L219__EDAN_R	KZ497769.1	100.000	192	0	0	1	192	1078192	1078383	6.71e-97	355
L220__EDAN_R	KZ497902.1	100.000	180	0	0	1	180	73082	73261	2.92e-90	333
L221__EDAN_R	KZ497776.1	100.000	253	0	0	1	253	367699	367951	1.13e-130	468
L222__EDAN_R	KZ501781.1	100.000	188	0	0	1	188	166675	166862	1.10e-94	348
L223__EDAN_R	KZ497991.1	100.000	186	0	0	1	186	142851	143036	1.40e-93	344
L224__EDAN_R	KZ501795.1	100.000	169	0	0	1	169	448677	448845	3.53e-84	313
L225__EDAN_R	KZ497599.1	100.000	192	0	0	1	192	50169	50360	6.71e-97	355
L226__EDAN_R	KZ497883.1	100.000	209	0	0	1	209	326614	326822	2.62e-106	387
L227__EDAN_R	KZ497752.1	100.000	158	0	0	1	158	330226	330383	4.24e-78	292
L228__EDAN_R	KZ497658.1	100.000	221	0	0	1	221	73893	74113	5.96e-113	409
L229__EDAN_R	KZ497679.1	100.000	207	0	0	1	207	780202	780408	3.35e-105	383
L230__EDAN_R	KZ498032.1	100.000	185	0	0	1	185	108689	108873	5.03e-93	342
L231__EDAN_R	KZ497588.1	100.000	258	0	0	1	258	934451	934708	1.92e-133	477
L232__EDAN_R	KZ498053.1	100.000	211	0	0	1	211	117372	117582	2.05e-107	390
L233__EDAN_R	KZ497631.1	100.000	156	0	0	1	156	1514516	1514671	5.40e-77	289
L234__EDAN_R	KZ497613.1	100.000	267	0	0	1	267	642211	642477	1.98e-138	494
L235__EDAN_R	KZ501709.1	100.000	170	0	0	1	170	135485	135654	9.88e-85	315
L236__EDAN_R	KZ497943.1	100.000	186	0	0	1	186	145740	145925	1.40e-93	344
L237__EDAN_R	KZ497946.1	100.000	166	0	0	1	166	78419	78584	1.61e-82	307
L238__EDAN_R	KZ497729.1	100.000	180	0	0	1	180	484029	484208	2.92e-90	333
L239__EDAN_R	KZ497735.1	100.000	255	0	0	1	255	90183	90437	8.81e-132	472
L240__EDAN_R	KZ501813.1	100.000	221	0	0	1	221	1292302	1292522	5.96e-113	409
L241__EDAN_R	KZ497729.1	100.000	235	0	0	1	235	483582	483816	1.05e-120	435
L242__EDAN_R	KZ498009.1	100.000	207	0	0	1	207	667455	667249	3.35e-105	383
L243__EDAN_R	KZ498016.1	100.000	155	0	0	1	155	2211785	2211939	1.93e-76	287
L244__EDAN_R	KZ497591.1	100.000	230	0	0	1	230	602277	602506	6.19e-118	425
L245__EDAN_R	KZ498009.1	100.000	179	0	0	1	179	666484	666306	1.04e-89	331
L246__EDAN_R	KZ497614.1	100.000	171	0	0	1	171	31815	31985	2.76e-85	316
L247__EDAN_R	KZ497651.1	100.000	245	0	0	1	245	399769	400013	3.05e-126	453
L248__EDAN_R	KZ497877.1	100.000	168	0	0	1	168	689020	689187	1.26e-83	311
L249__EDAN_R	KZ501762.1	100.000	166	0	0	1	166	2518187	2518352	1.61e-82	307
L250__EDAN_R	KZ497572.1	100.000	179	0	0	1	179	863046	863224	1.04e-89	331
L251__EDAN_R	KZ497766.1	100.000	218	0	0	1	218	255068	255285	2.73e-111	403
L252__EDAN_R	KZ497705.1	100.000	921	0	0	1	921	451247	452167	0.0	1701
L253__EDAN_R	KZ498170.1	100.000	230	0	0	1	230	151829	152058	6.19e-118	425
L254__EDAN_R	KZ498077.1	100.000	206	0	0	1	206	151114	151319	1.20e-104	381
L255__EDAN_R	KZ497962.1	100.000	201	0	0	1	201	426426	426626	7.02e-102	372
L256__EDAN_R	KZ497824.1	100.000	275	0	0	1	275	744368	744642	7.30e-143	508
L257__EDAN_R	KZ497677.1	100.000	243	0	0	1	243	341816	342058	3.91e-125	449
L258__EDAN_R	KZ497582.1	100.000	230	0	0	1	230	476863	477092	6.19e-118	425
L259__EDAN_R	KZ501795.1	100.000	239	0	0	1	239	442642	442880	6.42e-123	442
L260__EDAN_R	KZ497839.1	100.000	233	0	0	1	233	272463	272695	1.35e-119	431
L261__EDAN_R	KZ499226.1	100.000	160	0	0	1	160	44144	44303	3.33e-79	296
L262__EDAN_R	KZ497646.1	100.000	186	0	0	1	186	343269	343454	1.40e-93	344
L263__EDAN_R	KZ501812.1	100.000	162	0	0	1	162	2434960	2435121	2.61e-80	300
L264__EDAN_R	KZ497614.1	100.000	318	0	0	1	318	494365	494682	1.06e-166	588
L265__EDAN_R	KZ497974.1	100.000	195	0	0	1	195	116525	116719	1.47e-98	361
L266__EDAN_R	KZ497588.1	100.000	167	0	0	1	167	935118	935284	4.50e-83	309
L267__EDAN_R	KZ497570.1	100.000	276	0	0	1	276	587381	587656	2.04e-143	510
L268__EDAN_R	KZ497866.1	100.000	153	0	0	1	153	75743	75895	2.46e-75	283
L269__EDAN_R	KZ497692.1	100.000	207	0	0	1	207	591901	592107	3.35e-105	383
L270__EDAN_R	KZ497688.1	100.000	256	0	0	1	256	420370	420625	2.46e-132	473
L271__EDAN_R	KZ497877.1	100.000	176	0	0	1	176	887229	887404	4.75e-88	326
L272__EDAN_R	KZ498216.1	100.000	185	0	0	1	185	5032	5216	5.00e-93	342
L273__EDAN_R	KZ501791.1	100.000	187	0	0	1	187	2392916	2393102	3.92e-94	346
L274__EDAN_R	KZ497585.1	100.000	756	0	0	1	756	870236	870991	0.0	1397
L275__EDAN_R	KZ497767.1	100.000	750	0	0	1	750	167245	167994	0.0	1386
L276__EDAN_R	KZ497763.1	100.000	239	0	0	1	239	123123	123361	6.42e-123	442
L277__EDAN_R	KZ497632.1	100.000	249	0	0	1	249	110709	110957	1.86e-128	460
L278__EDAN_R	KZ497769.1	100.000	156	0	0	1	156	83872	84027	5.40e-77	289
L279__EDAN_R	KZ497763.1	100.000	189	0	0	1	189	124573	124761	3.06e-95	350
L280__EDAN_R	KZ497729.1	100.000	215	0	0	1	215	737833	738047	1.25e-109	398
L281__EDAN_R	KZ497877.1	100.000	191	0	0	1	191	272749	272939	2.40e-96	353
L282__EDAN_R	KZ497776.1	100.000	222	0	0	1	222	371824	372045	1.67e-113	411
L283__EDAN_R	KZ497669.1	100.000	227	0	0	1	227	148915	149141	2.84e-116	420
L284__EDAN_R	KZ498037.1	100.000	192	0	0	1	192	19257	19448	6.71e-97	355
L285__EDAN_R	KZ497752.1	100.000	201	0	0	1	201	132089	132289	7.02e-102	372
L286__EDAN_R	KZ498356.1	100.000	221	0	0	1	221	881986	882206	5.96e-113	409
L287__EDAN_R	KZ497916.1	100.000	170	0	0	1	170	846858	847027	9.88e-85	315
L288__EDAN_R	KZ501809.1	100.000	167	0	0	1	167	388117	388283	4.50e-83	309
L289__EDAN_R	KZ497752.1	100.000	225	0	0	1	225	77010	77234	3.64e-115	416
L290__EDAN_R	KZ498009.1	100.000	175	0	0	1	175	1015848	1016022	1.70e-87	324
L291__EDAN_R	KZ501817.1	100.000	175	0	0	1	175	1163116	1163290	1.70e-87	324
L292__EDAN_R	KZ497657.1	100.000	179	0	0	1	179	538835	539013	1.04e-89	331
L293__EDAN_R	KZ497999.1	100.000	170	0	0	1	170	826020	826189	9.88e-85	315
L294__EDAN_R	KZ497629.1	100.000	179	0	0	1	179	443557	443735	1.04e-89	331
L295__EDAN_R	KZ497723.1	100.000	527	0	0	1	527	170159	170685	0.0	974
L296__EDAN_R	KZ501817.1	100.000	223	0	0	1	223	635863	636085	4.66e-114	412
L297__EDAN_R	KZ497890.1	100.000	160	0	0	1	160	25981	26140	3.33e-79	296
L298__EDAN_R	KZ499323.1	100.000	168	0	0	1	168	243855	244022	1.26e-83	311
L299__EDAN_R	KZ497694.1	100.000	170	0	0	1	170	318495	318664	9.88e-85	315
L300__EDAN_R	KZ497677.1	100.000	231	0	0	1	231	353155	353385	1.73e-118	427
L301__EDAN_R	KZ497907.1	100.000	177	0	0	1	177	160878	161054	1.33e-88	327
L302__EDAN_R	KZ497723.1	100.000	177	0	0	1	177	228529	228705	1.33e-88	327
L303__EDAN_R	KZ497824.1	100.000	178	0	0	1	178	347870	348047	3.72e-89	329
L304__EDAN_R	KZ497723.1	100.000	195	0	0	1	195	169249	169443	1.47e-98	361
L305__EDAN_R	KZ498112.1	100.000	195	0	0	1	195	122982	123176	1.47e-98	361
L306__EDAN_R	KZ497681.1	100.000	211	0	0	1	211	501753	501963	2.05e-107	390
L307__EDAN_R	KZ497763.1	100.000	189	0	0	1	189	126378	126566	3.06e-95	350
L308__EDAN_R	KZ497728.1	100.000	187	0	0	1	187	217639	217825	3.92e-94	346
L309__EDAN_R	KZ497822.1	100.000	186	0	0	1	186	121379	121194	1.40e-93	344
L310__EDAN_R	KZ497578.1	100.000	168	0	0	1	168	92874	93041	1.26e-83	311
L311__EDAN_R	KZ497632.1	100.000	266	0	0	1	266	287353	287618	7.08e-138	492
L312__EDAN_R	KZ497980.1	100.000	169	0	0	1	169	112907	113075	3.53e-84	313
L313__EDAN_R	KZ497877.1	100.000	211	0	0	1	211	2794	3004	2.05e-107	390
L314__EDAN_R	KZ497834.1	100.000	238	0	0	1	238	1256770	1257007	2.30e-122	440
L315__EDAN_R	KZ497602.1	100.000	230	0	0	1	230	801010	801239	6.19e-118	425
L316__EDAN_R	KZ498009.1	100.000	234	0	0	1	234	1152594	1152827	3.77e-120	433
L317__EDAN_R	KZ497651.1	100.000	312	0	0	1	312	454401	454712	2.26e-163	577
L318__EDAN_R	KZ501795.1	100.000	178	0	0	1	178	566003	566180	3.72e-89	329
L319__EDAN_R	KZ497782.1	100.000	181	0	0	1	181	1134307	1134487	8.16e-91	335
L320__EDAN_R	KZ497729.1	100.000	181	0	0	1	181	484484	484664	8.16e-91	335
L321__EDAN_R	KZ497902.1	100.000	180	0	0	1	180	72209	72388	2.92e-90	333
L322__EDAN_R	KZ497847.1	100.000	205	0	0	1	205	144900	145104	4.29e-104	379
L323__EDAN_R	KZ497872.1	100.000	252	0	0	1	252	70105	70356	4.04e-130	466
L324__EDAN_R	KZ497763.1	100.000	223	0	0	1	223	331068	331290	4.66e-114	412
L325__EDAN_R	KZ497694.1	100.000	216	0	0	1	216	494011	494226	3.50e-110	399
L326__EDAN_R	KZ498016.1	100.000	227	0	0	1	227	2162608	2162834	2.84e-116	420
L327__EDAN_R	KZ497915.1	100.000	174	0	0	1	174	146168	146341	6.07e-87	322
L328__EDAN_R	KZ497634.1	100.000	165	0	0	1	165	579490	579654	5.74e-82	305
L329__EDAN_R	KZ501789.1	100.000	213	0	0	1	213	229095	229307	1.60e-108	394
L330__EDAN_R	KZ497666.1	100.000	289	0	0	1	289	297310	297598	1.27e-150	534
L331__EDAN_R	KZ498582.1	100.000	183	0	0	1	183	918747	918929	6.39e-92	339
L332__EDAN_R	KZ497723.1	100.000	240	0	0	1	240	173620	173859	1.79e-123	444
L333__EDAN_R	KZ497631.1	100.000	218	0	0	1	218	555636	555853	2.73e-111	403
L334__EDAN_R	KZ497691.1	100.000	169	0	0	1	169	182465	182633	3.53e-84	313
L335__EDAN_R	KZ497929.1	100.000	165	0	0	1	165	636498	636662	5.74e-82	305
L336__EDAN_R	KZ501744.1	100.000	154	0	0	1	154	108180	108333	6.88e-76	285
L337__EDAN_R	KZ497692.1	100.000	248	0	0	1	248	1358170	1358417	6.65e-128	459
L338__EDAN_R	KZ497634.1	100.000	185	0	0	1	185	614989	615173	5.00e-93	342
L339__EDAN_R	KZ497962.1	100.000	213	0	0	1	213	337619	337831	1.60e-108	394
L340__EDAN_R	KZ501819.1	100.000	208	0	0	1	208	1188069	1188276	9.38e-106	385
L341__EDAN_R	KZ497931.1	100.000	195	0	0	1	195	182725	182919	1.47e-98	361
L342__EDAN_R	KZ497603.1	100.000	155	0	0	1	155	35892	36046	1.93e-76	287
L343__EDAN_R	KZ498009.1	100.000	163	0	0	1	163	1150214	1150376	7.31e-81	302
L344__EDAN_R	KZ497682.1	100.000	159	0	0	1	159	15521	15679	1.19e-78	294
L345__EDAN_R	KZ497585.1	100.000	237	0	0	1	237	37542	37306	8.23e-122	438
L346__EDAN_R	KZ497692.1	100.000	189	0	0	1	189	590292	590480	3.06e-95	350
L347__EDAN_R	KZ497627.1	100.000	195	0	0	1	195	961862	962056	1.47e-98	361
L348__EDAN_R	KZ497717.1	100.000	168	0	0	1	168	268757	268924	1.26e-83	311
L349__EDAN_R	KZ497723.1	100.000	213	0	0	1	213	173346	173558	1.60e-108	394
L350__EDAN_R	KZ501796.1	100.000	224	0	0	1	224	209721	209944	1.30e-114	414
L351__EDAN_R	KZ497709.1	100.000	194	0	0	1	194	96394	96587	5.25e-98	359
L352__EDAN_R	KZ497824.1	100.000	226	0	0	1	226	743104	743329	1.02e-115	418
L353__EDAN_R	KZ497769.1	100.000	217	0	0	1	217	82454	82670	9.77e-111	401
L354__EDAN_R	KZ501809.1	100.000	407	0	0	1	407	1312675	1313081	0.0	752
L355__EDAN_R	KZ497651.1	100.000	180	0	0	1	180	96557	96378	2.92e-90	333
L356__EDAN_R	KZ497691.1	100.000	164	0	0	1	164	184899	185062	2.05e-81	303
L357__EDAN_R	KZ497848.1	100.000	193	0	0	1	193	411796	411988	1.88e-97	357
L358__EDAN_R	KZ497884.1	100.000	231	0	0	1	231	156409	156639	1.73e-118	427
L359__EDAN_R	KZ497894.1	100.000	184	0	0	1	184	96952	97135	1.79e-92	340
L360__EDAN_R	KZ501786.1	100.000	256	0	0	1	256	1870530	1870785	2.46e-132	473
L361__EDAN_R	KZ497786.1	100.000	272	0	0	1	272	94938	95209	3.35e-141	503
L362__EDAN_R	KZ497623.1	100.000	230	0	0	1	230	183677	183906	6.19e-118	425
L363__EDAN_R	KZ497661.1	100.000	287	0	0	1	287	423667	423953	1.63e-149	531
L364__EDAN_R	KZ497723.1	100.000	215	0	0	1	215	1730911	1730697	1.25e-109	398
L365__EDAN_R	KZ497603.1	100.000	165	0	0	1	165	37664	37828	5.74e-82	305
L366__EDAN_R	KZ501794.1	100.000	169	0	0	1	169	887620	887788	3.53e-84	313
L367__EDAN_R	KZ497698.1	100.000	169	0	0	1	169	360925	361093	3.53e-84	313
L368__EDAN_R	KZ497666.1	100.000	213	0	0	1	213	310101	310313	1.60e-108	394
L369__EDAN_R	KZ497595.1	100.000	178	0	0	1	178	312844	313021	3.72e-89	329
L370__EDAN_R	KZ497683.1	100.000	182	0	0	1	182	302594	302775	2.28e-91	337
L371__EDAN_R	KZ497673.1	100.000	183	0	0	1	183	691008	691190	6.39e-92	339
L372__EDAN_R	KZ498519.1	100.000	229	0	0	1	229	4170	4398	2.22e-117	424
L373__EDAN_R	KZ497641.1	100.000	220	0	0	1	220	562930	563149	2.13e-112	407
L374__EDAN_R	KZ497675.1	100.000	177	0	0	1	177	343445	343621	1.33e-88	327
L375__EDAN_R	KZ498202.1	100.000	240	0	0	1	240	57650	57889	1.79e-123	444
L376__EDAN_R	KZ500432.1	100.000	387	0	0	1	387	1549	1935	0.0	715
L377__EDAN_R	KZ497817.1	100.000	161	0	0	1	161	528305	528465	9.32e-80	298
L378__EDAN_R	KZ498196.1	100.000	217	0	0	1	217	124847	125063	9.77e-111	401
L379__EDAN_R	KZ501788.1	100.000	203	0	0	1	203	406575	406777	5.49e-103	375
L380__EDAN_R	KZ497793.1	100.000	161	0	0	1	161	658945	659105	9.32e-80	298
L381__EDAN_R	KZ501812.1	100.000	205	0	0	1	205	223018	223222	4.29e-104	379
L382__EDAN_R	AYNC02017856.1	100.000	179	0	0	1	179	1230	1408	1.04e-89	331
L383__EDAN_R	KZ497634.1	100.000	224	0	0	1	224	70644	70867	1.30e-114	414
L384__EDAN_R	KZ497907.1	100.000	204	0	0	1	204	188902	189105	1.53e-103	377
L385__EDAN_R	KZ497928.1	100.000	258	0	0	1	258	44813	45070	1.92e-133	477
L386__EDAN_R	KZ497661.1	100.000	189	0	0	1	189	425925	426113	3.06e-95	350
L387__EDAN_R	KZ497588.1	100.000	249	0	0	1	249	935918	936166	1.86e-128	460
L388__EDAN_R	KZ497763.1	100.000	216	0	0	1	216	330647	330862	3.50e-110	399
L389__EDAN_R	KZ497567.1	100.000	177	0	0	1	177	234151	234327	1.33e-88	327
L390__EDAN_R	KZ499015.1	100.000	198	0	0	1	198	133767	133964	3.21e-100	366
L391__EDAN_R	KZ497716.1	100.000	211	0	0	1	211	10969	11179	2.05e-107	390
L392__EDAN_R	KZ498012.1	100.000	211	0	0	1	211	45042	45252	2.05e-107	390
L393__EDAN_R	KZ497709.1	100.000	200	0	0	1	200	486816	487015	2.51e-101	370
L394__EDAN_R	KZ497780.1	100.000	162	0	0	1	162	457140	457301	2.61e-80	300
L395__EDAN_R	KZ497962.1	100.000	220	0	0	1	220	426685	426904	2.13e-112	407
L396__EDAN_R	KZ497974.1	100.000	186	0	0	1	186	81217	81402	1.40e-93	344
L397__EDAN_R	KZ499690.1	100.000	204	0	0	1	204	45323	45526	1.53e-103	377
L398__EDAN_R	KZ497872.1	100.000	165	0	0	1	165	328011	328175	5.74e-82	305
L399__EDAN_R	KZ501820.1	100.000	162	0	0	1	162	21655	21816	2.61e-80	300
L400__EDAN_R	KZ497679.1	100.000	168	0	0	1	168	804668	804835	1.26e-83	311
L401__EDAN_R	KZ497675.1	100.000	167	0	0	1	167	342250	342416	4.50e-83	309
L402__EDAN_R	KZ498016.1	100.000	217	0	0	1	217	67490	67706	9.77e-111	401
L403__EDAN_R	KZ498218.1	100.000	218	0	0	1	218	233318	233535	2.73e-111	403
L404__EDAN_R	KZ500262.1	100.000	197	0	0	1	197	1763415	1763611	1.15e-99	364
L405__EDAN_R	KZ497575.1	100.000	170	0	0	1	170	733741	733910	9.88e-85	315
L406__EDAN_R	KZ497634.1	100.000	175	0	0	1	175	264566	264740	1.70e-87	324
L407__EDAN_R	KZ501813.1	100.000	209	0	0	1	209	1436779	1436987	2.62e-106	387
L408__EDAN_R	KZ501819.1	100.000	183	0	0	1	183	925137	925319	6.39e-92	339
L409__EDAN_R	KZ497674.1	100.000	195	0	0	1	195	599096	599290	1.47e-98	361
L410__EDAN_R	KZ497853.1	100.000	168	0	0	1	168	105908	106075	1.26e-83	311
L411__EDAN_R	KZ497683.1	100.000	200	0	0	1	200	183488	183687	2.51e-101	370
L412__EDAN_R	KZ499302.1	100.000	199	0	0	1	199	139371	139569	8.98e-101	368
L413__EDAN_R	KZ497630.1	100.000	302	0	0	1	302	554751	555052	7.89e-158	558
L414__EDAN_R	KZ497691.1	100.000	269	0	0	1	269	217905	218173	1.54e-139	497
L415__EDAN_R	KZ497590.1	100.000	210	0	0	1	210	285290	285499	7.33e-107	388
L416__EDAN_R	KZ497782.1	100.000	249	0	0	1	249	548833	549081	1.86e-128	460
L417__EDAN_R	KZ497567.1	100.000	253	0	0	1	253	472129	472381	1.13e-130	468
L418__EDAN_R	KZ497852.1	100.000	165	0	0	1	165	267514	267678	5.74e-82	305
L419__EDAN_R	KZ499015.1	100.000	206	0	0	1	206	305706	305911	1.20e-104	381
L420__EDAN_R	KZ497940.1	100.000	273	0	0	1	273	41870	42142	9.36e-142	505
L421__EDAN_R	KZ497779.1	100.000	184	0	0	1	184	293768	293951	1.79e-92	340
L422__EDAN_R	KZ497626.1	100.000	235	0	0	1	235	1359171	1359405	1.05e-120	435
L423__EDAN_R	KZ501815.1	100.000	233	0	0	1	233	1799317	1799549	1.35e-119	431
L424__EDAN_R	KZ497743.1	100.000	151	0	0	1	151	157799	157949	3.13e-74	279
L425__EDAN_R	KZ497700.1	100.000	151	0	0	1	151	43013	43163	3.13e-74	279
L426__EDAN_R	KZ497714.1	100.000	202	0	0	1	202	152461	152662	1.96e-102	374
L427__EDAN_R	KZ497565.1	100.000	176	0	0	1	176	517788	517963	4.75e-88	326
L428__EDAN_R	KZ497694.1	100.000	222	0	0	1	222	493637	493858	1.67e-113	411
L429__EDAN_R	KZ500261.1	100.000	181	0	0	1	181	537608	537788	8.16e-91	335
L430__EDAN_R	KZ501791.1	100.000	159	0	0	1	159	698009	698167	1.19e-78	294
L431__EDAN_R	KZ497929.1	100.000	193	0	0	1	193	1275756	1275948	1.88e-97	357
L432__EDAN_R	KZ501762.1	100.000	204	0	0	1	204	3157270	3157473	1.53e-103	377
L433__EDAN_R	KZ498195.1	100.000	286	0	0	1	286	265168	265453	5.83e-149	529
L434__EDAN_R	KZ497776.1	100.000	172	0	0	1	172	372336	372507	7.74e-86	318
L435__EDAN_R	KZ498004.1	100.000	197	0	0	1	197	192707	192903	1.15e-99	364
L436__EDAN_R	KZ497752.1	100.000	194	0	0	1	194	78805	78998	5.25e-98	359
L437__EDAN_R	KZ497749.1	100.000	253	0	0	1	253	327761	328013	1.13e-130	468
L438__EDAN_R	KZ497625.1	100.000	205	0	0	1	205	48238	48442	4.29e-104	379
L439__EDAN_R	KZ497982.1	100.000	271	0	0	1	271	112470	112740	1.20e-140	501
L440__EDAN_R	KZ497715.1	100.000	196	0	0	1	196	1576	1771	4.10e-99	363
L441__EDAN_R	KZ501796.1	100.000	194	0	0	1	194	225274	225467	5.25e-98	359
L442__EDAN_R	KZ500262.1	100.000	193	0	0	1	193	1946733	1946925	1.88e-97	357
L443__EDAN_R	KZ498147.1	100.000	233	0	0	1	233	151206	151438	1.35e-119	431
L444__EDAN_R	KZ497631.1	100.000	233	0	0	1	233	1780310	1780542	1.35e-119	431
L445__EDAN_R	KZ498180.1	100.000	170	0	0	1	170	118062	118231	9.88e-85	315
L446__EDAN_R	KZ497877.1	100.000	580	0	0	1	580	5204	5783	0.0	1072
L447__EDAN_R	KZ501786.1	100.000	193	0	0	1	193	886630	886822	1.88e-97	357
L448__EDAN_R	KZ498216.1	100.000	217	0	0	1	217	175382	175598	9.77e-111	401
L449__EDAN_R	KZ497707.1	100.000	174	0	0	1	174	1123863	1123690	6.07e-87	322
L450__EDAN_R	AYNC02016689.1	100.000	205	0	0	1	205	1741	1945	4.29e-104	379
L451__EDAN_R	KZ497715.1	100.000	154	0	0	1	154	245786	245939	6.88e-76	285
L452__EDAN_R	KZ497635.1	100.000	234	0	0	1	234	93636	93869	3.77e-120	433
L453__EDAN_R	KZ497634.1	100.000	229	0	0	1	229	338522	338750	2.22e-117	424
L454__EDAN_R	KZ497602.1	100.000	194	0	0	1	194	882884	883077	5.25e-98	359
L455__EDAN_R	KZ497607.1	100.000	199	0	0	1	199	679611	679809	8.98e-101	368
L456__EDAN_R	KZ497675.1	100.000	199	0	0	1	199	285207	285405	8.98e-101	368
L457__EDAN_R	KZ497859.1	100.000	244	0	0	1	244	45392	45635	1.09e-125	451
L458__EDAN_R	KZ497594.1	100.000	170	0	0	1	170	93405	93574	9.88e-85	315
L459__EDAN_R	KZ497634.1	100.000	310	0	0	1	310	337275	337584	2.90e-162	573
L460__EDAN_R	KZ501791.1	100.000	270	0	0	1	270	2884453	2884722	4.30e-140	499
L461__EDAN_R	KZ497705.1	100.000	192	0	0	1	192	98974	99165	6.71e-97	355
L462__EDAN_R	KZ497626.1	100.000	263	0	0	1	263	557137	557399	3.25e-136	486
L463__EDAN_R	KZ497675.1	100.000	189	0	0	1	189	342967	343155	3.06e-95	350
L464__EDAN_R	KZ497600.1	100.000	152	0	0	1	152	12336	12487	8.76e-75	281
L465__EDAN_R	KZ497712.1	100.000	218	0	0	1	218	1828107	1828324	2.73e-111	403
L466__EDAN_R	KZ497935.1	100.000	156	0	0	1	156	636011	636166	5.40e-77	289
L467__EDAN_R	KZ497980.1	100.000	201	0	0	1	201	120599	120799	7.02e-102	372
L468__EDAN_R	KZ497627.1	100.000	210	0	0	1	210	120540	120749	7.33e-107	388
L469__EDAN_R	KZ497748.1	100.000	209	0	0	1	209	110955	111163	2.62e-106	387
L470__EDAN_R	KZ501791.1	100.000	164	0	0	1	164	511688	511851	2.05e-81	303
L471__EDAN_R	KZ497610.1	100.000	342	0	0	1	342	347604	347945	5.25e-180	632
L472__EDAN_R	KZ498201.1	100.000	168	0	0	1	168	23372	23539	1.26e-83	311
L473__EDAN_R	KZ497831.1	100.000	175	0	0	1	175	276449	276623	1.70e-87	324
L474__EDAN_R	KZ497894.1	100.000	223	0	0	1	223	394297	394519	4.66e-114	412
L475__EDAN_R	KZ497691.1	100.000	174	0	0	1	174	218232	218405	6.07e-87	322
L476__EDAN_R	KZ497992.1	100.000	229	0	0	1	229	509028	509256	2.22e-117	424
L477__EDAN_R	KZ497618.1	100.000	232	0	0	1	232	445215	445446	4.84e-119	429
L478__EDAN_R	KZ497677.1	100.000	186	0	0	1	186	343929	344114	1.40e-93	344
L479__EDAN_R	KZ499732.1	100.000	165	0	0	1	165	126254	126418	5.74e-82	305
L480__EDAN_R	KZ497908.1	100.000	151	0	0	1	151	1989757	1989907	3.13e-74	279
L481__EDAN_R	KZ497916.1	100.000	259	0	0	1	259	1401689	1401947	5.35e-134	479
L482__EDAN_R	KZ497766.1	100.000	200	0	0	1	200	882095	882294	2.51e-101	370
L483__EDAN_R	KZ501817.1	100.000	261	0	0	1	261	1162322	1162582	4.17e-135	483
L484__EDAN_R	KZ497569.1	100.000	170	0	0	1	170	354721	354890	9.88e-85	315
L485__EDAN_R	KZ497582.1	100.000	179	0	0	1	179	96711	96889	1.04e-89	331
L486__EDAN_R	KZ501751.1	100.000	1098	0	0	1	1098	590793	591890	0.0	2028
L487__EDAN_R	KZ497634.1	100.000	203	0	0	1	203	337832	338034	5.49e-103	375
L488__EDAN_R	KZ497569.1	100.000	196	0	0	1	196	351750	351945	4.10e-99	363
L489__EDAN_R	KZ498016.1	100.000	271	0	0	1	271	81737	82007	1.20e-140	501
L490__EDAN_R	KZ499323.1	100.000	283	0	0	1	283	304908	305190	2.69e-147	523
L491__EDAN_R	KZ497834.1	100.000	218	0	0	1	218	1124097	1124314	2.73e-111	403
L492__EDAN_R	KZ501797.1	100.000	152	0	0	1	152	245239	245390	8.76e-75	281
L493__EDAN_R	KZ498009.1	100.000	285	0	0	1	285	543930	543646	2.09e-148	527
L494__EDAN_R	KZ497821.1	100.000	195	0	0	1	195	139045	139239	1.47e-98	361
L495__EDAN_R	KZ498569.1	100.000	208	0	0	1	208	16766	16973	9.38e-106	385
L496__EDAN_R	KZ501812.1	100.000	258	0	0	1	258	2474119	2474376	1.92e-133	477
L497__EDAN_R	KZ497631.1	100.000	945	0	0	1	945	1752551	1753495	0.0	1746
L498__EDAN_R	KZ500261.1	100.000	157	0	0	1	157	534109	534265	1.51e-77	291
L499__EDAN_R	KZ501789.1	100.000	254	0	0	1	254	232388	232641	3.15e-131	470
L500__EDAN_R	KZ497679.1	100.000	165	0	0	1	165	737714	737878	5.74e-82	305
L501__EDAN_R	KZ497987.1	100.000	187	0	0	1	187	231320	231506	3.92e-94	346
L502__EDAN_R	KZ501817.1	100.000	195	0	0	1	195	1560198	1560392	1.47e-98	361
L503__EDAN_R	KZ497824.1	100.000	189	0	0	1	189	473795	473983	3.06e-95	350
L504__EDAN_R	KZ497620.1	100.000	216	0	0	1	216	3973	4188	3.50e-110	399
L505__EDAN_R	KZ497607.1	100.000	279	0	0	1	279	372595	372873	4.43e-145	516
L506__EDAN_R	KZ498037.1	100.000	375	0	0	1	375	19970	20344	0.0	693
L507__EDAN_R	KZ497744.1	100.000	176	0	0	1	176	10621	10796	4.75e-88	326
L508__EDAN_R	KZ497684.1	100.000	166	0	0	1	166	1201212	1201377	1.61e-82	307
L509__EDAN_R	KZ497598.1	100.000	158	0	0	1	158	214849	215006	4.24e-78	292
